0.08200862703138811|0.2013110229000552|0.6165086817729184|0.5543625002143807|
0.9283724523300818|0.6504597862001691|0.8232749337484225|0.6823296665720511|
0.21400055688518438|0.09476773262705107|0.5463337541182954|0.2530673147535769|
0.5035633348233934|0.8358714179095568|0.2676837682654398|0.543872242880475|
0.9828575147468394|0.05326486389487817|0.4574385759535974|0.4533055228811992|
0.47379235924445606|0.6799884169843846|0.722352601383048|0.2601197075898035|
0.4130265609990288|0.40744246678871265|0.07151630040556378|0.6385844537599457|
0.13181073774340812|0.40321832950740344|0.373592138648832|0.1298254601148947|
0.41228580055498787|0.7838475071241329|0.6707829907959091|0.8049257126372943|
0.08943293208578662|0.7486272985180632|0.26179467686291924|0.29791960082965585|
0.41806559903899265|0.5511894002397574|0.3693753338029411|0.7354440784032336|
0.030700261102774573|0.1622351465100642|0.7675838359500413|0.34469363504101325|
0.5748368887784279|0.5598697676348388|0.9597603569253323|0.6824583762043666|
0.5371265072607391|0.07322490230746359|0.3702422777907195|0.4954077651739959|
0.3370973899825547|0.10056720317704237|0.5411887663160239|0.19541522452964444|
0.5045577353958108|0.8248481420524956|0.5104483146864632|0.8136014042249338|
0.6424874106734076|0.2576583608715669|0.38722282442495426|0.08290703674543765|
0.9211768267510078|0.056807309147297924|0.6393530589172174|0.9913889330730549|
0.04956623700845164|0.08325696303011976|0.7593702866610457|0.7470655862771358|
0.02618439746926693|0.5898964946414109|0.7860289043072386|0.6000214166638692|
0.48478030817385076|0.26765163104897294|0.6238556070847855|0.3786121354353722|
0.11868732738620957|0.11368170134621192|0.22532104341170023|0.9139955342448217|
0.4931547164791992|0.23192374275383987|0.47855944805409356|0.7508458021625134|
0.5363258455696835|0.22800178259550674|0.07813305710936558|0.6719914742973049|
0.13723899586457133|0.818526941227116|0.7471579050004907|0.6008508592237062|
0.5731708380341611|0.6390716377269857|0.9261776320131174|0.38792029683687446|
0.938838612790869|0.005609283008388588|0.44749293574367743|0.8362048710861207|
0.35642230172529843|0.560968549729963|0.7732241204865177|0.07536274469375592|
0.5080631599772256|0.32085907688905035|0.09120462321057077|0.0554682065484885|
0.9514403643335733|0.6232831651777184|0.9348737826113492|0.49868017780883844|
0.75422307673838|0.8806562431075305|0.021657245254651847|0.12073688451863973|
0.21464009950611063|0.8357162179566988|0.6888941492228284|0.3140793066834423|
0.8231053226910713|0.2303098790875292|0.6471897729910889|0.7705394027598463|
0.16378129624529303|0.410402370251027|0.7681436806335707|0.7139116001837289|
0.15516007445152946|0.4111634666449965|0.276722510573168|0.5113590972217432|
0.8851844940196527|0.49274222014051317|0.028118078206609276|0.4374889916839778|
0.30912905835762594|0.9303492338206888|0.514750833101623|0.27606344918643577|
0.24740467334363925|0.10152409513977445|0.8711494159479689|0.2616967960025024|
0.445647104550022|0.5589724729646922|0.42275750462439876|0.5875210310287955|
0.9408935333721495|0.8291163457605307|0.2592892034099359|0.3346853493557185|
0.6153481985475505|0.1345073356803277|0.9040745105666979|0.21568800701045499|
0.6131819176297689|0.10251200429384455|0.3979070462644251|0.9659214859498153|
0.24600701215414222|0.7931853756404033|0.01922607281335742|0.5664449916652107|
0.11911340137699555|0.05600645583914432|0.42203565075913707|0.7358810281594148|
0.4732474804051745|0.30815797990362026|0.18878367002470076|0.29046551909367146|
0.1556605942828161|0.31628984521576986|0.6674938607676469|0.03866381369460292|
0.2093493393353274|0.4592139075900318|0.4907646792538437|0.8503978123439547|
0.8008548962344245|0.25073526166465054|0.3588185108990216|0.42081220573771827|
0.0946842881333756|0.6098333969183276|0.5096055732053102|0.03464050269923735|
0.7263616250318985|0.47966389598463177|0.7960369259391378|0.32961452749489806|
0.7263126085096109|0.9173597837923624|0.44374125195003367|0.6559939209937385|
0.10323114203991934|0.703368577089511|0.37231076813291175|0.13417453850711858|
0.808271763280295|0.852070159994925|0.4288213465790518|0.9234682142749708|
0.4703576039717041|0.14467681557507106|0.004482816710453252|0.5325283569128263|
0.11808808266631954|0.9509262004406819|0.28359525987548573|0.22552935114029116|
0.08517657037426529|0.15783463462230551|0.8085578356517696|0.7080899971609635|
0.434042993255245|0.9817863671713258|0.13549665482723994|0.31306445533010296|
0.5261324169873333|0.8044925467941193|0.1021486894099406|0.8487066665961623|
0.817724682057061|0.943860776007057|0.6329590741036296|0.12034743404819348|
0.566447239030471|0.44757468138021694|0.06591918296235455|0.8916053405921985|
0.8963967623615482|0.5801900899996183|0.7014936918910132|0.7122866907688457|
0.5887220977331711|0.663812651815464|0.646054540040766|0.6075114690828364|
0.03971513930138615|0.3279294797318537|0.05056053103334934|0.09623541961463067|
0.05990224200839822|0.025724981561914384|0.5297911970754434|0.3872215502329942|
0.5753241575411522|0.8822190667630749|0.8882643927419166|0.8866464573290367|
0.8361370617268213|0.5538238195408239|0.276036714945456|0.3439104315499397|
0.437863474865513|0.7994220616285593|0.5509067647648876|0.060852480500480866|
0.3170665609543889|0.8898298156589051|0.9331113892128222|0.5944546792966766|
0.8959167664384967|0.8155116923174982|0.004424918028095193|0.29425289076251115|
0.7190652640726862|0.49167659694250065|0.7256426813075338|0.8330534651030966|
0.25143365135308227|0.8053885742219745|0.424749375681295|0.6131888983330631|
0.986974903560472|0.40108597559425285|0.6426437309662121|0.560427871052802|
0.6561559238912525|0.5589091629958715|0.31411129983738806|0.35378758782403275|
0.11385703332383101|0.38449539654116927|0.008807124545475387|0.5818802484056919|
0.4395794885643294|0.799407216987774|0.8603306297616211|0.6650566480473832|
0.8882970877166954|0.49811836090789274|0.37104538067845005|0.6374945833882771|
0.5929832527170888|0.12048893303850683|0.4961164944464852|0.04451078071704717|
0.3387907991711715|0.3779197874694904|0.28230912672982666|0.2777592295403367|
0.30405593618122184|0.7668834066358877|0.8654111580124249|0.644611030188587|
0.3947444573265224|0.8052868324507341|0.8147144796719601|0.347893295326009|
0.686652550950536|0.4351294601969503|0.6538085067800181|0.33829854832477235|
0.5336202578523691|0.34917697326399355|0.8840107165961232|0.6941578006287678|
0.1002113390001127|0.5198800955894449|0.9900787462356703|0.7819036417482681|
0.4337576948637405|0.13552437574161502|0.7174194430076067|0.9554331069052163|
0.7033627200561372|0.4816060393459646|0.3758299367568735|0.9637116379213333|
0.9024027592135933|0.04468561284742678|0.04687670919722786|0.5533436079572783|
0.1362612982089375|0.2614793163075382|0.35033841629868456|0.9764667227875284|
0.5984757251970795|0.8877064771295631|0.8597092008815493|0.24421095512972002|
0.47617223330679004|0.9192181934901705|0.34757861224760256|0.002095085249655404|
0.31960893777589616|0.36219067922776604|0.7887756638317317|0.8461173179826451|
0.8608434507061216|0.9196750483093572|0.4524838510602437|0.7469284690648633|
0.8729860310575037|0.8385518096189069|0.47410499415712404|0.004359708376734384|
